-9.160002906063e+02
-9.159881765839e+02
-9.160040339412e+02
-9.160111929538e+02
-9.160072765586e+02
-9.160048745058e+02
-9.159879340317e+02
-9.159795043152e+02
-9.159924899209e+02
-9.160053676065e+02
-9.160031551672e+02
-9.159888175248e+02
-9.159816974713e+02
-9.160140264860e+02
-9.160201952177e+02
-9.160049745611e+02
-9.160164013290e+02
-9.159921365994e+02
-9.160089252750e+02
-9.159982711282e+02
-9.159938116927e+02
-9.160211929781e+02
-9.159789076656e+02
-9.160194218266e+02
-9.159973659647e+02
-9.160032647967e+02
-9.159829082290e+02
-9.159847040204e+02
-9.159907809894e+02
-9.159896720396e+02
-9.159913433694e+02
-9.159986040934e+02
-9.159869578707e+02
-9.160209915164e+02
-9.160164804821e+02
-9.159866926544e+02
-9.159836644396e+02
-9.159823857707e+02
-9.160066759172e+02
-9.160051810224e+02
-9.160216431251e+02
-9.160046599231e+02
-9.160293557648e+02
-9.160085872685e+02
-9.159839474948e+02
-9.159859276245e+02
-9.160170772095e+02
-9.160060867414e+02
-9.159989650077e+02
-9.160062033372e+02
-9.159999880461e+02
-9.159829403709e+02
-9.159687001491e+02
-9.159965028058e+02
-9.159797569648e+02
-9.159909280047e+02
-9.160096583163e+02
-9.159910043675e+02
-9.159986705360e+02
-9.159849186572e+02
-9.160181339242e+02
-9.159877538913e+02
-9.160040893180e+02
-9.159972498130e+02
-9.159904551863e+02
-9.159986611884e+02
-9.160002747542e+02
-9.160006349399e+02
-9.159867772374e+02
-9.160053840723e+02
-9.159795375144e+02
-9.160067439050e+02
-9.160148900200e+02
-9.159980275247e+02
-9.160008968154e+02
-9.159805641415e+02
-9.159949064579e+02
-9.159759951121e+02
-9.160194496292e+02
-9.159883428173e+02
-9.159710774235e+02
-9.159802821271e+02
-9.160236663724e+02
-9.159925886929e+02
-9.160138490155e+02
-9.159693988159e+02
-9.159995138505e+02
-9.160067504763e+02
-9.160008883403e+02
-9.159824156228e+02
-9.159996145025e+02
-9.159921971919e+02
-9.160176962110e+02
-9.160076626657e+02
-9.159859483417e+02
-9.159749104785e+02
-9.159891330605e+02
-9.159961682549e+02
-9.159995252623e+02
-9.159926582860e+02
-9.159680210547e+02
-9.159931805018e+02
-9.160131875420e+02
-9.160130653161e+02
-9.160100238025e+02
-9.160072058541e+02
-9.159987283452e+02
-9.159918407144e+02
-9.160192642928e+02
-9.159697326000e+02
-9.160150286929e+02
-9.159914105319e+02
-9.160063436769e+02
-9.159767253852e+02
-9.160069392587e+02
-9.159796815826e+02
-9.159905163781e+02
-9.160027000494e+02
-9.159989325900e+02
-9.159844343899e+02
-9.159925282561e+02
-9.160195870298e+02
-9.159990463204e+02
-9.159887180678e+02
-9.159934646370e+02
-9.160018477280e+02
-9.160002218223e+02
-9.160148243636e+02
-9.159886327656e+02
-9.160196518926e+02
-9.159900801494e+02
-9.159983619526e+02
-9.159798801047e+02
-9.160259897987e+02
-9.159980293719e+02
-9.160213302689e+02
-9.159995287652e+02
-9.159723641626e+02
-9.159951540514e+02
-9.160084156712e+02
-9.159802736555e+02
-9.160221762470e+02
-9.159983804077e+02
-9.159804867300e+02
-9.159950867741e+02
-9.160070771974e+02
-9.160175049441e+02
-9.159881761624e+02
-9.160354505573e+02
-9.160007153858e+02
-9.160026332256e+02
-9.159665757069e+02
-9.159656250067e+02
-9.159771005691e+02
-9.160029020385e+02
-9.159850036042e+02
-9.159843177853e+02
-9.159888018529e+02
-9.160161142512e+02
-9.159781144821e+02
-9.159831007061e+02
-9.159889691801e+02
-9.159839279941e+02
-9.159734392867e+02
-9.159890876993e+02
-9.160177023887e+02
-9.159975492846e+02
-9.160144522666e+02
-9.159837240200e+02
-9.159956326038e+02
-9.159923033479e+02
-9.159797642361e+02
-9.159797960394e+02
-9.160062870225e+02
-9.160005104141e+02
-9.160183906808e+02
-9.159940518360e+02
-9.160090736712e+02
-9.159766940952e+02
-9.160161992933e+02
-9.159703094136e+02
-9.160047055968e+02
-9.160070593416e+02
-9.159997901061e+02
-9.160186316822e+02
-9.160042420895e+02
-9.159958561214e+02
-9.159982629351e+02
-9.159880713484e+02
-9.159844756581e+02
-9.160020590674e+02
-9.160074511576e+02
-9.159983273537e+02
-9.160173812293e+02
-9.159901243169e+02
-9.160087319681e+02
-9.160196780971e+02
-9.159939940455e+02
-9.159940746227e+02
-9.159797151158e+02
-9.159936153923e+02
-9.159921391147e+02
-9.159960694560e+02
-9.159833034965e+02
-9.159941729389e+02
-9.159835932077e+02
-9.159887416309e+02
-9.159894464511e+02
-9.160072127782e+02
-9.159776166586e+02
-9.159710548675e+02
-9.159813509969e+02
-9.159891252583e+02
-9.160025649987e+02
-9.159991901317e+02
-9.159781181919e+02
-9.160090679453e+02
-9.159948068596e+02
-9.160173837284e+02
-9.159903510574e+02
-9.160009300486e+02
-9.160054055394e+02
-9.159865447428e+02
-9.160101855205e+02
-9.160077198843e+02
-9.159675858887e+02
-9.160219166173e+02
-9.159839551123e+02
-9.159999580778e+02
-9.159976460610e+02
-9.159615957502e+02
-9.159879680514e+02
-9.159917413476e+02
-9.160021337586e+02
-9.160019346875e+02
-9.160048916904e+02
-9.159945597630e+02
-9.159926403110e+02
-9.159827303477e+02
-9.159869217521e+02
-9.159925532853e+02
-9.159947654315e+02
-9.159867578754e+02
-9.159885897546e+02
-9.159871090886e+02
-9.159946493637e+02
-9.160119090847e+02
-9.159831810063e+02
-9.159687390352e+02
-9.159718937931e+02
-9.159714336682e+02
-9.159701496942e+02
-9.159929514934e+02
-9.159644287910e+02
-9.159897558847e+02
-9.160027508820e+02
-9.159793762811e+02
-9.159765473570e+02
-9.159741447454e+02
-9.160000158067e+02
-9.159712144748e+02
-9.159998117057e+02
-9.160103467473e+02
-9.159912725611e+02
-9.159771916043e+02
-9.159983941581e+02
-9.159701945992e+02
-9.160157120615e+02
-9.160062845079e+02
-9.159952418290e+02
-9.159860253589e+02
-9.160200382836e+02
-9.159896573123e+02
-9.159790975912e+02
-9.159793918973e+02
-9.159823624662e+02
-9.159947925240e+02
-9.160022527224e+02
-9.159717494377e+02
-9.159746626109e+02
-9.160130693971e+02
-9.159631240095e+02
-9.159908061437e+02
-9.160058817694e+02
-9.159818882926e+02
-9.159635001646e+02
-9.160119403302e+02
-9.159775387653e+02
-9.159961184113e+02
-9.160017375842e+02
-9.160101123182e+02
-9.160136708416e+02
-9.159795210058e+02
-9.159949765996e+02
-9.159904205335e+02
-9.159886282690e+02
-9.160022795253e+02
-9.159581265506e+02
-9.159949810635e+02
-9.159713208200e+02
-9.159552321923e+02
-9.159698678806e+02
-9.159734179134e+02
-9.160247948387e+02
-9.160156973348e+02
-9.159884410803e+02
-9.160043515858e+02
-9.159962035368e+02
-9.159780307324e+02
-9.160070535512e+02
-9.160153587134e+02
-9.160067668702e+02
-9.159669374202e+02
-9.159818107367e+02
-9.159852237182e+02
-9.159619417454e+02
-9.159525680643e+02
-9.160046571105e+02
-9.159881105368e+02
-9.160157723481e+02
-9.159907933644e+02
-9.159960917397e+02
-9.160054350258e+02
-9.159906454703e+02
-9.159756924099e+02
-9.159740904462e+02
-9.159925352117e+02
-9.159845055416e+02
-9.159732256795e+02
-9.159900054193e+02
-9.159881164183e+02
-9.159877691789e+02
-9.160073178595e+02
-9.159963139284e+02
-9.160145387190e+02
-9.159883086174e+02
-9.160058612161e+02
-9.159634124629e+02
-9.160034943578e+02
-9.159812515240e+02
-9.160148296183e+02
-9.159769420689e+02
-9.160034300694e+02
-9.159964516099e+02
-9.160061359173e+02
-9.159719500111e+02
-9.159783531563e+02
-9.159710540782e+02
-9.159919761122e+02
-9.160034370016e+02
-9.159781042265e+02
-9.160036414630e+02
-9.160031767418e+02
-9.160007894973e+02
-9.159847052497e+02
-9.159837449249e+02
-9.159656106096e+02
-9.159747553491e+02
-9.159961459562e+02
-9.159901955192e+02
-9.159844603574e+02
-9.159789456740e+02
-9.159602555751e+02
-9.159789712891e+02
-9.159830905596e+02
-9.159986290915e+02
-9.159820148120e+02
-9.160086284692e+02
-9.159757424715e+02
-9.159765437413e+02
-9.159834328937e+02
-9.159941398724e+02
-9.159732050855e+02
-9.159999943544e+02
-9.159770063167e+02
-9.159829286593e+02
-9.159992368507e+02
-9.159949477681e+02
-9.159865377083e+02
-9.159963494462e+02
-9.159868984955e+02
-9.159738562483e+02
-9.159737592169e+02
-9.159767794909e+02
-9.159978978975e+02
-9.160059489370e+02
-9.159774146515e+02
-9.159742729986e+02
-9.160245037272e+02
-9.159961771022e+02
-9.159747210013e+02
-9.159936569679e+02
-9.159821191974e+02
-9.159839330162e+02
-9.159893075770e+02
-9.159684436711e+02
-9.159677278480e+02
-9.159930943923e+02
-9.159951675590e+02
-9.160081588928e+02
-9.159952010211e+02
-9.159750090297e+02
-9.159867357597e+02
-9.159833319878e+02
-9.159701215553e+02
-9.160157412863e+02
-9.159767638858e+02
-9.159827320315e+02
-9.160053831373e+02
-9.160038653723e+02
-9.160023869895e+02
-9.160222224547e+02
-9.159744973699e+02
-9.159688908978e+02
-9.160180947941e+02
-9.160009082620e+02
-9.159934907346e+02
-9.159735295173e+02
-9.159918128376e+02
-9.159872274954e+02
-9.159944216965e+02
-9.159776886995e+02
-9.159816820369e+02
-9.159796092933e+02
-9.159922492810e+02
-9.160030173851e+02
-9.159913204138e+02
-9.159711841888e+02
-9.159788387168e+02
-9.160035208729e+02
-9.160156276578e+02
-9.159631336122e+02
-9.159923456300e+02
-9.159941353222e+02
-9.159992352283e+02
-9.159954470678e+02
-9.160067812833e+02
-9.159839082782e+02
-9.160110936133e+02
-9.160059392260e+02
-9.160040742573e+02
-9.159810834758e+02
-9.159701470744e+02
-9.159728239384e+02
-9.159432236555e+02
-9.159772061165e+02
-9.159755840256e+02
-9.159704717438e+02
-9.159715111708e+02
-9.159944804254e+02
-9.160024653817e+02
-9.160094734301e+02
-9.159938557147e+02
-9.160186255268e+02
-9.160000332053e+02
-9.160050733935e+02
-9.159713418649e+02
-9.159946049062e+02
-9.159821546783e+02
-9.159991924234e+02
-9.159838956324e+02
-9.159709160803e+02
-9.160058513551e+02
-9.159758244020e+02
-9.159737475412e+02
-9.159930449508e+02
-9.160145138683e+02
-9.160089064377e+02
-9.159825680128e+02
-9.159941281532e+02
-9.159739757259e+02
-9.159684613753e+02
-9.159541139882e+02
-9.159921062521e+02
-9.159768905003e+02
-9.160009880633e+02
-9.159734770131e+02
-9.159716318930e+02
-9.159768295186e+02
-9.160062588755e+02
-9.160028618167e+02
-9.160032022069e+02
-9.159888385553e+02
-9.159785147141e+02
-9.159992377167e+02
-9.159962256392e+02
-9.160220890886e+02
-9.159674304729e+02
-9.159883666227e+02
-9.159763414408e+02
-9.159902261748e+02
-9.159991829224e+02
-9.159760371931e+02
-9.159629429718e+02
-9.159847718615e+02
-9.159838134568e+02
-9.159875326683e+02
-9.159601156147e+02
-9.159516303476e+02
-9.159873963108e+02
-9.159758693825e+02
-9.159722277372e+02
-9.159579565561e+02
-9.159868464935e+02
-9.160062229404e+02
-9.159776663707e+02
-9.159821519705e+02
-9.160076333568e+02
-9.159905532255e+02
-9.159831939907e+02
-9.159786671875e+02
-9.159594354036e+02
-9.159647731152e+02
-9.159783844073e+02
-9.159990893365e+02
-9.159996941633e+02
-9.159898580921e+02
-9.159841109062e+02
-9.159841499972e+02
-9.159877454704e+02
-9.159923376339e+02
-9.159861547832e+02
-9.159979102226e+02
-9.159959738025e+02
-9.159883133188e+02
-9.159989765156e+02
-9.159923421970e+02
-9.159880977449e+02
-9.159819558710e+02
-9.159845221303e+02
-9.159987139708e+02
-9.159844681299e+02
-9.159711484836e+02
-9.159579468329e+02
-9.160032556030e+02
-9.159656207528e+02
-9.159939075325e+02
-9.159811837761e+02
-9.159779991466e+02
-9.159855169052e+02
-9.159730010982e+02
-9.159830135663e+02
-9.159929870076e+02
-9.159873914096e+02
-9.159618874421e+02
-9.159826496696e+02
-9.159857646469e+02
-9.159850236198e+02
-9.159721386437e+02
-9.159852299869e+02
-9.159810395816e+02
-9.159837500947e+02
-9.159976569831e+02
-9.159818108650e+02
-9.159593836363e+02
-9.159954487491e+02
-9.159506370738e+02
-9.159739857643e+02
-9.159852258262e+02
-9.159841039404e+02
-9.159743243486e+02
-9.159851816320e+02
-9.159817332871e+02
-9.159604745369e+02
-9.159472500053e+02
-9.159724992262e+02
-9.159643669907e+02
-9.159961947693e+02
-9.159714841179e+02
-9.159735112798e+02
-9.159556475731e+02
-9.159757472390e+02
-9.159732166362e+02
-9.159827921065e+02
-9.159734152688e+02
-9.159744179916e+02
-9.159915921624e+02
-9.160045063357e+02
-9.159694782406e+02
-9.159741870783e+02
-9.159699568065e+02
-9.159808716400e+02
-9.159614178844e+02
-9.159881749509e+02
-9.159884179608e+02
-9.159616762455e+02
-9.159644836177e+02
-9.159815341528e+02
-9.159867329877e+02
-9.159994808152e+02
-9.159646678157e+02
-9.159528178083e+02
-9.159760985982e+02
-9.159653257353e+02
-9.159882410135e+02
-9.159916610632e+02
-9.159782383573e+02
-9.160063474293e+02
-9.159593938122e+02
-9.159787113698e+02
-9.160070433970e+02
-9.159906156085e+02
-9.160160717603e+02
-9.160083859204e+02
-9.160194473593e+02
-9.159913089481e+02
-9.160114326753e+02
-9.160193618030e+02
-9.160077668757e+02
-9.160106395397e+02
-9.159819417721e+02
-9.159953610070e+02
-9.160065367302e+02
-9.160328443724e+02
-9.159928264630e+02
-9.160247990147e+02
-9.160106123370e+02
-9.160136512057e+02
-9.159820085185e+02
-9.160207046085e+02
-9.160186528336e+02
-9.160091488611e+02
-9.159979195043e+02
-9.160055161275e+02
-9.160086077857e+02
-9.159939606385e+02
-9.160016981561e+02
-9.160262270314e+02
-9.159943778746e+02
-9.160207811524e+02
-9.160356762503e+02
-9.159854983705e+02
-9.160041930049e+02
-9.160055143830e+02
-9.160164829044e+02
-9.160157422430e+02
-9.160285628700e+02
-9.159924962358e+02
-9.160292445574e+02
-9.159964802662e+02
-9.160121144679e+02
-9.160290583453e+02
-9.160089587390e+02
-9.160127412508e+02
-9.160057979912e+02
-9.160359144679e+02
-9.160320099963e+02
-9.159954204719e+02
-9.160121614095e+02
-9.160155145723e+02
-9.160084242205e+02
-9.160327079602e+02
-9.160172949717e+02
-9.159980381160e+02
-9.159805895972e+02
-9.160111132249e+02
-9.160264688586e+02
-9.160263060145e+02
-9.160082557371e+02
-9.160108170449e+02
-9.160045218444e+02
-9.160173653608e+02
-9.159641439936e+02
-9.160043435638e+02
-9.160181830073e+02
-9.160296721419e+02
-9.159918028928e+02
-9.160021756343e+02
-9.159889600910e+02
-9.159979740896e+02
-9.159940616076e+02
-9.160273773110e+02
-9.160132588893e+02
-9.160168866035e+02
-9.160022348401e+02
-9.160144779063e+02
-9.159975290217e+02
-9.160276878632e+02
-9.160354757215e+02
-9.160025574906e+02
-9.160087691509e+02
-9.159967961755e+02
-9.160108002082e+02
-9.160439648249e+02
-9.160019662651e+02
-9.160062178700e+02
-9.160150998234e+02
-9.160191845620e+02
-9.160179003234e+02
-9.160073869121e+02
-9.160217432692e+02
-9.160197702883e+02
-9.159892281656e+02
-9.160025515804e+02
-9.160217310948e+02
-9.160381300954e+02
-9.160295511963e+02
-9.159995579384e+02
-9.159841852722e+02
-9.159961277306e+02
-9.160168876591e+02
-9.160212548599e+02
-9.159929014373e+02
-9.160013756367e+02
-9.160187504985e+02
-9.160056267951e+02
-9.159907978903e+02
-9.160052563182e+02
-9.160027268166e+02
-9.160046461959e+02
-9.160192520414e+02
-9.160213675852e+02
-9.159994166394e+02
-9.160148322997e+02
-9.160100979949e+02
-9.159976033473e+02
-9.160019072162e+02
-9.160095197585e+02
-9.160399501568e+02
-9.160065104974e+02
-9.160158314529e+02
-9.159866721749e+02
-9.160171596046e+02
-9.160205952756e+02
-9.159669928436e+02
-9.159908980465e+02
-9.160104743110e+02
-9.160394398191e+02
-9.160212650282e+02
-9.160299386066e+02
-9.160198738973e+02
-9.160021203177e+02
-9.159982462701e+02
-9.160041673671e+02
-9.159778320279e+02
-9.160224865912e+02
-9.159948318811e+02
-9.160162009237e+02
-9.160036166820e+02
-9.160063478955e+02
-9.160224042012e+02
-9.160247998121e+02
-9.159817495001e+02
-9.160148104301e+02
-9.160099220913e+02
-9.160100895584e+02
-9.159912673805e+02
-9.160091578459e+02
-9.159834134900e+02
-9.160320129248e+02
-9.160170735552e+02
-9.159871812929e+02
-9.160252755083e+02
-9.160225657947e+02
-9.160346733672e+02
-9.160029111491e+02
-9.160175118644e+02
-9.159925027525e+02
-9.160166186108e+02
-9.160065466165e+02
-9.159983867576e+02
-9.159903823944e+02
-9.160037436536e+02
-9.160082947320e+02
-9.160222055943e+02
-9.160111157642e+02
-9.160079166603e+02
-9.159936268471e+02
-9.159632092437e+02
-9.159904001646e+02
-9.160093882615e+02
-9.159970143916e+02
-9.159874436779e+02
-9.160231186461e+02
-9.159854069599e+02
-9.159979834595e+02
-9.160064758282e+02
-9.160046873438e+02
-9.160469092805e+02
-9.160168946849e+02
-9.159961222801e+02
-9.160079020640e+02
-9.160099746556e+02
-9.160049089278e+02
-9.160044348409e+02
-9.160033803255e+02
-9.160258947987e+02
-9.160175143127e+02
-9.160024807473e+02
-9.159922058962e+02
-9.160383079055e+02
-9.159920762831e+02
-9.159942314796e+02
-9.160049235588e+02
-9.160282717919e+02
-9.160207173307e+02
-9.160105475538e+02
-9.160157256218e+02
-9.160216001022e+02
-9.160146068898e+02
-9.160066481281e+02
-9.160242399937e+02
-9.159969103042e+02
-9.159976296706e+02
-9.160097766283e+02
-9.159915584701e+02
-9.160108204103e+02
-9.159813882835e+02
-9.160180395300e+02
-9.159966212329e+02
-9.160241605955e+02
-9.160039406649e+02
-9.160111820878e+02
-9.159934830094e+02
-9.159988979793e+02
-9.159745702157e+02
-9.159872616896e+02
-9.160247412561e+02
-9.160166498442e+02
-9.160010054350e+02
-9.160298620258e+02
-9.160131049706e+02
-9.160245451846e+02
-9.160150073887e+02
-9.160080626632e+02
-9.159953510390e+02
-9.160025371854e+02
-9.160053009514e+02
-9.160220221636e+02
-9.160363838756e+02
-9.160078270695e+02
-9.160090663908e+02
-9.159845924916e+02
-9.160043148706e+02
-9.159977314156e+02
-9.160083229944e+02
-9.159816754431e+02
-9.160046218441e+02
-9.160349218347e+02
-9.159969057365e+02
-9.160053425007e+02
-9.159992335238e+02
-9.160198259148e+02
-9.160213154209e+02
-9.159857198467e+02
-9.160018004466e+02
-9.159927956823e+02
-9.160128690354e+02
-9.160011166614e+02
-9.160302491175e+02
-9.159935133027e+02
-9.160142302059e+02
-9.160244942411e+02
-9.160101357525e+02
-9.159710014079e+02
-9.160034220323e+02
-9.160296735046e+02
-9.159652300156e+02
-9.159968988419e+02
-9.160210534985e+02
-9.160205076531e+02
-9.160183021121e+02
-9.160143364855e+02
-9.160045784651e+02
-9.159909665453e+02
-9.160308102727e+02
-9.160221861333e+02
-9.160028969188e+02
-9.159948200602e+02
-9.159712172549e+02
-9.160054940960e+02
-9.160129588483e+02
-9.160229568061e+02
-9.160022949356e+02
-9.160003506856e+02
-9.160014560053e+02
-9.160133349891e+02
-9.160089894348e+02
-9.159993886240e+02
-9.160163558403e+02
-9.160243760717e+02
-9.160045061870e+02
-9.160088211670e+02
-9.160116701888e+02
-9.159852861589e+02
-9.160198240310e+02
-9.160032201376e+02
-9.160201971215e+02
-9.160036179691e+02
-9.160034793056e+02
-9.160182807916e+02
-9.160164440105e+02
-9.160280597784e+02
-9.159950910421e+02
-9.159855603520e+02
-9.160252293074e+02
-9.160008896598e+02
-9.160119322139e+02
-9.160043508816e+02
-9.160085846879e+02
-9.159823325626e+02
-9.159980915928e+02
-9.160052051487e+02
-9.160227625512e+02
-9.160297050835e+02
-9.159970882489e+02
-9.160365956849e+02
-9.159764986425e+02
-9.160039617344e+02
-9.159963414417e+02
-9.160010593762e+02
-9.160058300624e+02
-9.160262781132e+02
-9.159999824101e+02
-9.160006051176e+02
-9.159979374394e+02
-9.159956535808e+02
-9.160032194672e+02
-9.159947581091e+02
-9.160218730653e+02
-9.159784957679e+02
-9.160329048231e+02
-9.160012912381e+02
-9.160128715636e+02
-9.160020139390e+02
-9.160032640637e+02
-9.159962239199e+02
-9.160046382378e+02
-9.160187870378e+02
-9.160361629062e+02
-9.160085725748e+02
-9.160029418250e+02
-9.160140781304e+02
-9.160009275347e+02
-9.159858875758e+02
-9.160222149422e+02
-9.160334912748e+02
-9.160176374361e+02
-9.160288326425e+02
-9.160230188622e+02
-9.159922974021e+02
-9.160372282247e+02
-9.160059077748e+02
-9.160068791794e+02
-9.159996914922e+02
-9.160240087315e+02
-9.160233981464e+02
-9.160281352274e+02
-9.160219277059e+02
-9.159940529906e+02
-9.160361115582e+02
-9.160255776521e+02
-9.160139774632e+02
-9.160275730704e+02
-9.159873848431e+02
-9.159999912986e+02
-9.160068538139e+02
-9.159879620613e+02
-9.160299004979e+02
-9.160204280120e+02
-9.160053561790e+02
-9.159775779693e+02
-9.160188354193e+02
-9.159862251633e+02
-9.160155158501e+02
-9.159976603076e+02
-9.159955594756e+02
-9.160107391663e+02
-9.160186651537e+02
-9.160185911300e+02
-9.160032356208e+02
-9.160043319420e+02
-9.160241527759e+02
-9.159923188992e+02
-9.159785143462e+02
-9.160081140407e+02
-9.160111705606e+02
-9.160211126019e+02
-9.160148952708e+02
-9.160133614353e+02
-9.159779824108e+02
-9.159803633955e+02
-9.159846909801e+02
-9.159999569312e+02
-9.160011629616e+02
-9.159826940039e+02
-9.160104006856e+02
-9.160069020903e+02
-9.160062451537e+02
-9.160074645229e+02
-9.159852218075e+02
-9.160265409624e+02
-9.160011572595e+02
-9.159970345269e+02
-9.160098848513e+02
-9.160110841636e+02
-9.160038857447e+02
-9.160129715018e+02
-9.160257584129e+02
-9.160006573799e+02
-9.160194417928e+02
-9.160400625086e+02
-9.160255554596e+02
-9.160190823669e+02
-9.160273923289e+02
-9.160126068978e+02
-9.159985010192e+02
-9.159868588707e+02
-9.159953482417e+02
-9.159962276736e+02
-9.160058697754e+02
-9.159847001258e+02
-9.160117059369e+02
-9.159965618947e+02
-9.159978364198e+02
-9.159925904141e+02
-9.160430752937e+02
-9.160008808331e+02
-9.160163024416e+02
-9.160093861024e+02
-9.159987375847e+02
-9.159975924002e+02
-9.159981061554e+02
-9.159953409246e+02
-9.160173725188e+02
-9.159706019689e+02
-9.160060667734e+02
-9.160176428781e+02
-9.160072320215e+02
-9.160130383056e+02
-9.160128717970e+02
-9.159940759163e+02
-9.160235154468e+02
-9.160158028657e+02
-9.159994931837e+02
-9.159926740617e+02
-9.160222165275e+02
-9.160270187289e+02
-9.160174685242e+02
-9.159917053983e+02
-9.159912580592e+02
-9.160066481413e+02
-9.160162511928e+02
-9.160039694901e+02
-9.159934328417e+02
-9.160064021271e+02
-9.160167997609e+02
-9.160179406220e+02
-9.160246363441e+02
-9.160248370373e+02
-9.160120373016e+02
-9.160101806380e+02
-9.160037925940e+02
-9.160009149499e+02
-9.160184833046e+02
-9.159937023979e+02
-9.159958907213e+02
-9.160140103521e+02
-9.160132900744e+02
-9.160307939852e+02
-9.159989037336e+02
-9.160254430886e+02
-9.159956724924e+02
-9.160240218568e+02
-9.160290028822e+02
-9.159933893264e+02
-9.160181985012e+02
-9.160008470720e+02
-9.160375941569e+02
-9.160173823539e+02
-9.159861306634e+02
-9.160032086964e+02
-9.159729754069e+02
-9.160102127183e+02
-9.159909858229e+02
-9.159808391340e+02
-9.160309670330e+02
-9.159928296190e+02
-9.160106284917e+02
-9.160334049969e+02
-9.160072433384e+02
-9.160180365453e+02
-9.159921174774e+02
-9.160058258966e+02
-9.160231168099e+02
-9.160429396598e+02
-9.160082152683e+02
-9.159953533150e+02
-9.159756089864e+02
-9.159636995157e+02
-9.160069664212e+02
-9.159657309716e+02
-9.159912101973e+02
-9.160124794476e+02
-9.160159048152e+02
-9.159965195518e+02
-9.159981368726e+02
-9.160119677454e+02
-9.159896850020e+02
-9.159970320571e+02
-9.160112760474e+02
-9.159893697269e+02
-9.160070515135e+02
-9.160375624595e+02
-9.160105691818e+02
-9.159979109682e+02
-9.160140055199e+02
-9.160013140128e+02
-9.160179137894e+02
-9.159963745041e+02
-9.160260717249e+02
-9.160033886411e+02
-9.159912543811e+02
-9.159974705944e+02
-9.159906294736e+02
-9.160165489631e+02
-9.160344444564e+02
-9.160014481696e+02
-9.159940128462e+02
-9.159883942410e+02
-9.159974905690e+02
-9.159794162507e+02
-9.160143850347e+02
-9.160043705453e+02
-9.160014302134e+02
-9.160266521403e+02
-9.160089538124e+02
-9.160103292514e+02
-9.160022952304e+02
-9.160298369839e+02
-9.159949255254e+02
-9.160229998178e+02
-9.159945946684e+02
-9.160318379512e+02
-9.160338861279e+02
-9.160034872495e+02
-9.159975862511e+02
-9.159943420731e+02
-9.160002821131e+02
-9.160095816286e+02
-9.159953548660e+02
-9.160136683837e+02
-9.160217744533e+02
-9.160069072433e+02
-9.159749573254e+02
-9.159766762869e+02
-9.159754968211e+02
-9.160058739206e+02
-9.159960812617e+02
-9.160009769283e+02
-9.159995052237e+02
-9.160051331157e+02
-9.159871299906e+02
-9.160062435593e+02
-9.159956668058e+02
-9.160042989237e+02
-9.160286854204e+02
-9.160205701705e+02
-9.159783454540e+02
-9.160019110803e+02
-9.160007103846e+02
-9.160019674448e+02
-9.160166315451e+02
-9.160188132356e+02
-9.160101049907e+02
-9.160000105420e+02
-9.160107605127e+02
-9.160346147610e+02
-9.160174257848e+02
-9.160256343646e+02
-9.160021154271e+02
-9.160143365560e+02
-9.159913784428e+02
-9.160003259400e+02
-9.159799424681e+02
-9.160203024392e+02
-9.160239298928e+02
-9.159869879011e+02
-9.160103555884e+02
-9.160101063422e+02
-9.159962704595e+02
-9.160004007795e+02
-9.160073444101e+02
-9.160138872537e+02
-9.159801896350e+02
-9.159943515895e+02
-9.160213710436e+02
-9.160224241801e+02
-9.159644495557e+02
-9.159631628081e+02
-9.160354298608e+02
-9.159878467497e+02
-9.160054951813e+02
-9.159833725108e+02
-9.159993561804e+02
-9.159914946642e+02
-9.160013714703e+02
-9.159626742827e+02
-9.159745831823e+02
-9.160090806007e+02
-9.160445137825e+02
-9.160326235813e+02
-9.160069773495e+02
-9.160231305613e+02
-9.160278998688e+02
-9.160035573092e+02
-9.159978355815e+02
-9.160022153803e+02
-9.160307952336e+02
-9.160411796739e+02
-9.160435493497e+02
-9.160013088374e+02
-9.160180402299e+02
-9.160202481642e+02
-9.160117154001e+02
-9.160101920676e+02
-9.160247086715e+02
-9.160213755528e+02
-9.160257074157e+02
-9.159970423541e+02
-9.160173862574e+02
-9.160213794555e+02
-9.160223262766e+02
-9.160233928769e+02
-9.160302300481e+02
-9.160466005052e+02
-9.160210721528e+02
-9.160253771268e+02
-9.160184487669e+02
-9.160346980589e+02
-9.160423225189e+02
-9.160244731178e+02
-9.160401872579e+02
-9.160072116297e+02
-9.160194301245e+02
-9.160139256626e+02
-9.160486128320e+02
-9.160331404326e+02
-9.160416686417e+02
-9.160319119269e+02
-9.160499309244e+02
-9.160073708271e+02
-9.160348743921e+02
-9.160197488768e+02
-9.160210186740e+02
-9.160390294041e+02
-9.160193392265e+02
-9.160252624398e+02
-9.160093942623e+02
-9.160048895283e+02
-9.160348200259e+02
-9.160278880581e+02
-9.160131832285e+02
-9.160232396733e+02
-9.160221364192e+02
-9.160049848479e+02
-9.160260001885e+02
-9.160268059239e+02
-9.160345817709e+02
-9.160004951258e+02
-9.160095041946e+02
-9.160034349959e+02
-9.160256341779e+02
-9.160396164848e+02
-9.160149906019e+02
-9.160213573767e+02
-9.159930044874e+02
-9.160222318053e+02
-9.160141861541e+02
-9.160269782842e+02
-9.160394273213e+02
-9.160288374280e+02
-9.160238656313e+02
-9.160437611407e+02
-9.159991940842e+02
-9.160342526245e+02
-9.160368762087e+02
-9.160315620699e+02
-9.160212292807e+02
-9.160108699833e+02
-9.160007512258e+02
-9.160188113525e+02
-9.160253327823e+02
-9.160054497088e+02
-9.160055376149e+02
-9.160164696637e+02
-9.160126534746e+02
-9.160107227463e+02
-9.160295701016e+02
-9.159997185950e+02
-9.160333260414e+02
-9.160154623066e+02
-9.160235610364e+02
-9.160487760364e+02
-9.160287789341e+02
-9.159999524615e+02
-9.160274523962e+02
-9.160109463093e+02
-9.160041031289e+02
-9.160194046243e+02
-9.160276940544e+02
-9.159986132499e+02
-9.160089004796e+02
-9.160466106708e+02
-9.159925904934e+02
-9.160435359298e+02
-9.160095988330e+02
-9.160310500550e+02
-9.160312905003e+02
-9.160237490823e+02
-9.160379959579e+02
-9.160154537082e+02
-9.160198711377e+02
-9.160068162865e+02
-9.159957273506e+02
-9.160050234613e+02
-9.160496492022e+02
-9.159993461542e+02
-9.160234505448e+02
-9.160382993306e+02
-9.160242846455e+02
-9.160218087659e+02
-9.160135808191e+02
-9.160303707206e+02
-9.160294827941e+02
-9.160176390063e+02
-9.160346617613e+02
-9.160209414011e+02
-9.160432261700e+02
-9.160330574768e+02
-9.160420222065e+02
-9.160091661452e+02
-9.160103477359e+02
-9.160134321538e+02
-9.160364953596e+02
-9.160419613043e+02
-9.160245082723e+02
-9.160403912510e+02
-9.160009517356e+02
-9.160314615449e+02
-9.160084757526e+02
-9.160540422714e+02
-9.160273806071e+02
-9.160139476719e+02
-9.160132416403e+02
-9.160218540857e+02
-9.160191764330e+02
-9.160336859979e+02
-9.160261627929e+02
-9.160388147292e+02
-9.160207615997e+02
-9.160036487516e+02
-9.160425054790e+02
-9.160445291404e+02
-9.160316488150e+02
-9.160023479443e+02
-9.160109940295e+02
-9.160001468002e+02
-9.160322354946e+02
-9.160348983467e+02
-9.159970098079e+02
-9.160449230816e+02
-9.160160655069e+02
-9.160287270018e+02
-9.160250522120e+02
-9.160220984181e+02
-9.160239409424e+02
-9.160311115767e+02
-9.160066769827e+02
-9.160236408292e+02
-9.160269831772e+02
-9.160270333913e+02
-9.160192247064e+02
-9.160350028495e+02
-9.160123525137e+02
-9.160177661587e+02
-9.160238508798e+02
-9.160210136575e+02
-9.159909320728e+02
-9.160198166406e+02
-9.160163719934e+02
-9.160106854508e+02
-9.160283875606e+02
-9.160495812030e+02
-9.160119199613e+02
-9.160183377568e+02
-9.160161185710e+02
-9.160057525428e+02
-9.160368611216e+02
-9.160420911875e+02
-9.160071934056e+02
-9.160275622847e+02
-9.160295110916e+02
-9.160237399664e+02
-9.160256381057e+02
-9.160177873513e+02
-9.160472987421e+02
-9.160187682625e+02
-9.160323887159e+02
-9.160482927133e+02
-9.160070053379e+02
-9.160151189292e+02
-9.160010071794e+02
-9.160205156279e+02
-9.160423218827e+02
-9.160144220297e+02
-9.160185255990e+02
-9.160393114294e+02
-9.160269320999e+02
-9.160023168374e+02
-9.160134680249e+02
-9.160293087139e+02
-9.160100474098e+02
-9.160341264538e+02
-9.160119125468e+02
-9.160205739696e+02
-9.160198303587e+02
-9.160287958966e+02
-9.160334089989e+02
-9.160354473124e+02
-9.160144266571e+02
-9.160006295484e+02
-9.160316090267e+02
-9.160289224549e+02
-9.160448056641e+02
-9.160082662346e+02
-9.160349096814e+02
-9.160287492934e+02
-9.160194471352e+02
-9.160448143292e+02
-9.159916415801e+02
-9.160360602372e+02
-9.159946419321e+02
-9.160257696699e+02
-9.160229392512e+02
-9.160063573790e+02
-9.160212838253e+02
-9.159882783898e+02
-9.160209504562e+02
-9.160173611252e+02
-9.160210942640e+02
-9.160103710836e+02
-9.160095359999e+02
-9.160059244386e+02
-9.160139604005e+02
-9.160191305256e+02
-9.160490598866e+02
-9.160328378246e+02
-9.160275934925e+02
-9.160270971498e+02
-9.160389254350e+02
-9.160479451122e+02
-9.160209439273e+02
-9.160321058283e+02
-9.160146607000e+02
-9.160262450213e+02
-9.160294143516e+02
-9.160163868439e+02
-9.160311688865e+02
-9.160349101617e+02
-9.160615696109e+02
-9.160121938674e+02
-9.160307230740e+02
-9.160128071361e+02
-9.160331465952e+02
-9.160190138448e+02
-9.160363414039e+02
-9.160029252267e+02
-9.160323529536e+02
-9.160226839155e+02
-9.160261274883e+02
-9.160305395072e+02
-9.160492667882e+02
-9.160075990600e+02
-9.160249961213e+02
-9.160110855326e+02
-9.160475228507e+02
-9.160335169934e+02
-9.160002642624e+02
-9.160377236919e+02
-9.160423681269e+02
-9.160118190854e+02
-9.160477486888e+02
-9.160048977141e+02
-9.160315015081e+02
-9.160522697438e+02
-9.160350066443e+02
-9.160273194116e+02
-9.160198873738e+02
-9.160406698226e+02
-9.160257784972e+02
-9.160313388849e+02
-9.160637099438e+02
-9.160445190964e+02
-9.160330611870e+02
-9.160422167146e+02
-9.160015538416e+02
-9.160298575047e+02
-9.160154121549e+02
-9.160331992803e+02
-9.159956703694e+02
-9.160357171246e+02
-9.160470800932e+02
-9.160174817234e+02
-9.160074145796e+02
-9.160352967297e+02
-9.160463781957e+02
-9.160214847430e+02
-9.160192693379e+02
-9.160154055619e+02
-9.160129642469e+02
-9.160084822783e+02
-9.160470987211e+02
-9.159919550374e+02
-9.160018579059e+02
-9.160192694699e+02
-9.160215893517e+02
-9.160354406732e+02
-9.160361866616e+02
-9.160493971565e+02
-9.160272205411e+02
-9.160240331041e+02
-9.160379525736e+02
-9.160455971212e+02
-9.160003835274e+02
-9.160029815328e+02
-9.160387492693e+02
-9.160011274776e+02
-9.160209345516e+02
-9.160354809645e+02
-9.160177816944e+02
-9.160167619787e+02
-9.159918218790e+02
-9.160185868804e+02
-9.160402516232e+02
-9.160458629261e+02
-9.160427497169e+02
-9.160095014399e+02
-9.160090029641e+02
-9.160000653642e+02
-9.160048416482e+02
-9.160509575523e+02
-9.160158283672e+02
-9.160337811286e+02
-9.160143602595e+02
-9.160331687904e+02
-9.160384482651e+02
-9.160358863209e+02
-9.160351942146e+02
-9.160126002986e+02
-9.160316105705e+02
-9.160376055010e+02
-9.160366738621e+02
-9.160178831090e+02
-9.160284444305e+02
-9.160307515869e+02
-9.160093047000e+02
-9.160081161198e+02
-9.160138057778e+02
-9.160430442216e+02
-9.160077632701e+02
-9.160188217818e+02
-9.160385757612e+02
-9.160388541954e+02
-9.160150168794e+02
-9.160404480979e+02
-9.160244083911e+02
-9.159925287403e+02
-9.160004054125e+02
-9.160454048138e+02
-9.160344873608e+02
-9.160221023722e+02
-9.160254276769e+02
-9.160457932008e+02
-9.160037160577e+02
-9.160042221689e+02
-9.160354085720e+02
-9.160112964663e+02
-9.160018220176e+02
-9.160063962268e+02
-9.160055236737e+02
-9.160248771766e+02
-9.160213037050e+02
-9.160312221757e+02
-9.160386380871e+02
-9.160270438314e+02
-9.160411901410e+02
-9.160172499496e+02
-9.160264869972e+02
-9.160299731134e+02
-9.160032468068e+02
-9.160111670730e+02
-9.160048565470e+02
-9.160302344883e+02
-9.160220148433e+02
-9.160290030845e+02
-9.160288265465e+02
-9.160056739595e+02
-9.160193933368e+02
-9.160169160384e+02
-9.160436216273e+02
-9.160373062721e+02
-9.160263742035e+02
-9.159992577695e+02
-9.160157989825e+02
-9.159998284737e+02
-9.160422494484e+02
-9.160392733034e+02
-9.160272968514e+02
-9.160272879824e+02
-9.160305449948e+02
-9.160422660839e+02
-9.160129096076e+02
-9.160252095374e+02
-9.160029685050e+02
-9.160000013804e+02
-9.160282482703e+02
-9.160015287997e+02
-9.160170209985e+02
-9.160121657781e+02
-9.160271453945e+02
-9.159998368143e+02
-9.160186224642e+02
-9.160085666772e+02
-9.160163941927e+02
-9.160227663102e+02
-9.160339572859e+02
-9.160174961863e+02
-9.159986870001e+02
-9.160317696127e+02
-9.160160186600e+02
-9.159923901422e+02
-9.159872162773e+02
-9.160470143301e+02
-9.160141536409e+02
-9.160577675131e+02
-9.160128393622e+02
-9.160306524111e+02
-9.160305705828e+02
-9.160351512571e+02
-9.160229355723e+02
-9.160061459346e+02
-9.160361848899e+02
-9.159948241138e+02
-9.160174345802e+02
-9.160377274969e+02
-9.160426672636e+02
-9.160149360566e+02
-9.160262587521e+02
-9.160267222291e+02
-9.160339557388e+02
-9.160092325338e+02
-9.160308561804e+02
-9.160410923572e+02
-9.160123673019e+02
-9.160268049254e+02
-9.160227022828e+02
-9.160214711535e+02
-9.160280569011e+02
-9.160173531342e+02
-9.160228219892e+02
-9.160263367608e+02
-9.160291374992e+02
-9.160004365850e+02
-9.160259003565e+02
-9.160245439600e+02
-9.160191368771e+02
-9.160125841614e+02
-9.160462571008e+02
-9.160341650364e+02
-9.160667127184e+02
-9.160017110659e+02
-9.160189865719e+02
-9.160340131629e+02
-9.160267759349e+02
-9.160291837827e+02
-9.160398471372e+02
-9.160087011421e+02
-9.160021939037e+02
-9.160106674258e+02
-9.160413870092e+02
-9.160152652318e+02
-9.159926655619e+02
-9.160210502874e+02
-9.160149145695e+02
-9.160309733358e+02
-9.160028003509e+02
-9.160274062298e+02
-9.160384799299e+02
-9.160202931660e+02
-9.160219079955e+02
-9.160213693032e+02
-9.159990634325e+02
-9.160323730446e+02
-9.160266722429e+02
-9.160426668876e+02
-9.160523052451e+02
-9.160225787098e+02
-9.160326411932e+02
-9.160102694185e+02
-9.160117878850e+02
-9.160239159402e+02
-9.160280602202e+02
-9.160094667965e+02
-9.160255801825e+02
-9.160095828349e+02
-9.159937195700e+02
-9.160553625087e+02
-9.159901294910e+02
-9.160194650368e+02
-9.160007878608e+02
-9.160092417493e+02
-9.160028398871e+02
-9.160074266009e+02
-9.160109643972e+02
-9.160041399239e+02
-9.160240447000e+02
-9.160157948634e+02
-9.160069360430e+02
-9.160250857755e+02
-9.160014875294e+02
-9.159902060086e+02
-9.160167987340e+02
-9.160283804856e+02
-9.160377570887e+02
-9.160150566158e+02
-9.160331528495e+02
-9.160153528580e+02
-9.160192091246e+02
-9.159962320719e+02
-9.160471955418e+02
-9.160489685950e+02
-9.160175649171e+02
-9.159954703789e+02
-9.160140838086e+02
-9.160520105592e+02
-9.160212862720e+02
-9.159986830520e+02
-9.159939117840e+02
-9.160181262860e+02
-9.160122948583e+02
-9.160056797914e+02
-9.160351950726e+02
-9.160440498207e+02
-9.160265295928e+02
-9.160333484807e+02
-9.160182690647e+02
-9.160235196828e+02
-9.160058953930e+02
-9.160394516432e+02
-9.160377568998e+02
-9.160324598544e+02
-9.160399448896e+02
-9.160156176266e+02
-9.160053434608e+02
-9.160077255217e+02
-9.160122867424e+02
-9.160130314010e+02
-9.160120034666e+02
-9.160463381226e+02
-9.160056785357e+02
-9.160065521621e+02
-9.159924314112e+02
-9.160237706984e+02
-9.160211238196e+02
-9.160175212092e+02
-9.159921081948e+02
-9.160244108135e+02
-9.160356216033e+02
-9.159901734980e+02
-9.160459125078e+02
-9.160113956724e+02
-9.160266426321e+02
-9.160077680921e+02
-9.159969924953e+02
-9.160077267674e+02
-9.160195346864e+02
-9.160300890451e+02
-9.160312571374e+02
-9.160421838740e+02
-9.160331742725e+02
-9.160238000744e+02
-9.160066731502e+02
-9.160139057550e+02
-9.160260081451e+02
-9.160201252419e+02
-9.160293177524e+02
-9.160271706555e+02
-9.160132203767e+02
-9.160215748050e+02
-9.159932289751e+02
-9.160243878010e+02
-9.160196199911e+02
-9.160150859124e+02
-9.160106384882e+02
-9.160102042258e+02
-9.160236432752e+02
-9.160328218534e+02
-9.160422911651e+02
-9.160413186549e+02
-9.160235973692e+02
-9.160069670617e+02
-9.160348594734e+02
-9.160145010899e+02
-9.160188415808e+02
-9.159970993063e+02
-9.159956415466e+02
-9.160390145467e+02
-9.160176295785e+02
-9.160318847808e+02
-9.160083992195e+02
-9.160095717266e+02
-9.159848851873e+02
-9.160292450414e+02
-9.160120844640e+02
-9.160237475174e+02
-9.160227858679e+02
-9.160396538538e+02
-9.160338577429e+02
-9.160194099060e+02
-9.160195637786e+02
-9.160340196996e+02
-9.160202461556e+02
-9.160196518000e+02
-9.160179242504e+02
-9.160229273205e+02
-9.160125407771e+02
-9.160223659824e+02
-9.160243327556e+02
-9.159861417471e+02
-9.160183921013e+02
-9.160192808535e+02
-9.159964724194e+02
-9.159967490291e+02
-9.160070844295e+02
-9.160026251710e+02
-9.160120812578e+02
-9.159959541298e+02
-9.160133661375e+02
-9.160235423842e+02
-9.160357906563e+02
-9.160039457745e+02
-9.159890833814e+02
-9.160135004086e+02
-9.160219500290e+02
-9.159919605087e+02
-9.160120179455e+02
-9.160085429892e+02
-9.159955365826e+02
-9.160353327006e+02
-9.160211238364e+02
-9.160296449220e+02
-9.160006102576e+02
-9.160145943016e+02
-9.160072375524e+02
-9.160073054442e+02
-9.159980596359e+02
-9.159978582476e+02
-9.160052021829e+02
-9.160185894212e+02
-9.160094213820e+02
-9.160188456075e+02
-9.160304666157e+02
-9.160047592347e+02
-9.160065376460e+02
-9.160027502577e+02
-9.160027341480e+02
-9.159995721612e+02
-9.160136198617e+02
-9.160029007066e+02
-9.160044944145e+02
-9.160016732278e+02
-9.160076679658e+02
-9.160228769221e+02
-9.160134487623e+02
-9.160282897423e+02
-9.160071790485e+02
-9.160132017270e+02
-9.159745054175e+02
-9.160109399445e+02
-9.160339380717e+02
-9.160091813606e+02
-9.160270296013e+02
-9.159977688953e+02
-9.160354395288e+02
-9.160135953877e+02
-9.160484636621e+02
-9.160102174068e+02
-9.160330381390e+02
-9.160220526284e+02
-9.159954091606e+02
-9.160304446181e+02
-9.160088064649e+02
-9.160130605526e+02
-9.160028985407e+02
-9.160163732221e+02
-9.159954229089e+02
-9.160346563838e+02
-9.160202244549e+02
-9.160111717652e+02
-9.159861912165e+02
-9.159962887206e+02
-9.160027651483e+02
-9.159893511215e+02
-9.160254138494e+02
-9.160087689833e+02
-9.160129815246e+02
-9.160186451151e+02
-9.160115921715e+02
-9.160298995956e+02
-9.159988505818e+02
-9.160132239451e+02
-9.160229634888e+02
-9.160322233080e+02
-9.159940090035e+02
-9.160153498244e+02
-9.160087243571e+02
-9.159815706540e+02
-9.159984091741e+02
-9.159948792371e+02
-9.160006817273e+02
-9.160153653630e+02
-9.160244782535e+02
-9.159933197608e+02
-9.160136120868e+02
-9.160213017413e+02
-9.159965503200e+02
-9.160059895545e+02
-9.159842902955e+02
-9.159811674734e+02
-9.160021731087e+02
-9.160142757822e+02
-9.160179388975e+02
-9.159970918119e+02
-9.159930385337e+02
-9.159910346021e+02
-9.160087842597e+02
-9.160253080955e+02
-9.159965888479e+02
-9.159919588923e+02
-9.160245583520e+02
-9.160368632185e+02
-9.160179017071e+02
-9.160019861759e+02
-9.160073491255e+02
-9.160195648688e+02
-9.160147869312e+02
-9.160013285298e+02
-9.159888893733e+02
-9.160135872084e+02
-9.159788634686e+02
-9.160054732515e+02
-9.160069624848e+02
-9.160226355376e+02
-9.160157746792e+02
-9.159981472908e+02
-9.160070058716e+02
-9.160181242132e+02
-9.159964050986e+02
-9.160034757096e+02
-9.160145254962e+02
-9.159858578125e+02
-9.159971367365e+02
-9.160167549336e+02
-9.159812315553e+02
-9.159958966950e+02
-9.159992759505e+02
-9.160125846116e+02
-9.160063004321e+02
-9.160066038698e+02
-9.160195131472e+02
-9.160268221121e+02
-9.159897418361e+02
-9.160223383095e+02
-9.160170389538e+02
-9.160010665368e+02
-9.160051953303e+02
-9.160006880089e+02
-9.159800075959e+02
-9.159985805455e+02
-9.159680405261e+02
-9.160051239541e+02
-9.159892165020e+02
-9.160074809696e+02
-9.159951208259e+02
-9.159964736206e+02
-9.159963426193e+02
-9.159999363784e+02
-9.160048391512e+02
-9.159828171699e+02
-9.160264737919e+02
-9.159943713132e+02
-9.160047254082e+02
-9.159866115951e+02
-9.160061335292e+02
-9.160089624868e+02
-9.160066493116e+02
-9.160008904117e+02
-9.160009214403e+02
-9.160249302155e+02
-9.160089744889e+02
-9.160053234239e+02
-9.160212840021e+02
-9.160016178912e+02
-9.159978060356e+02
-9.160165964331e+02
-9.160336863284e+02
-9.160095191141e+02
-9.159999846170e+02
-9.160039874056e+02
-9.159915963694e+02
-9.160089348714e+02
-9.159944413495e+02
-9.159929174954e+02
-9.160141234862e+02
-9.160014573527e+02
-9.160119246895e+02
-9.160380402609e+02
-9.160326891660e+02
-9.160168436418e+02
-9.159861253307e+02
-9.159986792517e+02
-9.159596113655e+02
-9.160005334592e+02
-9.159998880156e+02
-9.159965055769e+02
-9.160163214752e+02
-9.160026874351e+02
-9.160126007461e+02
-9.159941164053e+02
-9.160074677013e+02
-9.160029767241e+02
-9.159869873039e+02
-9.160174343554e+02
-9.160175381519e+02
-9.160100213149e+02
-9.160116990372e+02
-9.160056614631e+02
-9.160199396692e+02
-9.159858950430e+02
-9.160088740644e+02
-9.160172893100e+02
-9.160128553758e+02
-9.160063311614e+02
-9.159935474576e+02
-9.159987856198e+02
-9.160285045808e+02
-9.160138287955e+02
-9.160084227268e+02
-9.160125500751e+02
-9.160164774146e+02
-9.159986285239e+02
-9.160074148743e+02
-9.160146789688e+02
-9.160045500521e+02
-9.160180910633e+02
-9.160181001978e+02
-9.160166800977e+02
-9.159911509875e+02
-9.159981805487e+02
-9.160046774706e+02
-9.159862489270e+02
-9.160142928321e+02
-9.160167829013e+02
-9.159932254602e+02
-9.159920134330e+02
-9.160199712269e+02
-9.159943588566e+02
-9.159942589077e+02
-9.159844119860e+02
-9.160055952940e+02
-9.159958867420e+02
-9.160133461368e+02
-9.159922413771e+02
-9.160020884464e+02
-9.159828797373e+02
-9.160205744640e+02
-9.159956149050e+02
-9.160255334764e+02
-9.159996890678e+02
-9.159822730235e+02
-9.160020428862e+02
-9.160100239886e+02
-9.160017924421e+02
-9.160262689825e+02
-9.160031900671e+02
-9.159896890741e+02
-9.159922404064e+02
-9.160160718513e+02
-9.159961899606e+02
-9.160143591058e+02
-9.159794420253e+02
-9.159932255942e+02
-9.159895116725e+02
-9.160083633388e+02
-9.160030463807e+02
-9.160050162020e+02
-9.159911769611e+02
-9.159913046990e+02
-9.160015003174e+02
-9.160005816951e+02
-9.160257655720e+02
-9.160237053395e+02
-9.159872580965e+02
-9.160199181929e+02
-9.160197585494e+02
-9.160073534043e+02
-9.159909403949e+02
-9.160039881035e+02
-9.160233377872e+02
-9.159944388716e+02
-9.160008397949e+02
-9.160120869921e+02
-9.159936142263e+02
-9.159824724426e+02
-9.159934584307e+02
-9.159979010335e+02
-9.160043109238e+02
-9.160055433056e+02
-9.160020814641e+02
-9.159922035860e+02
-9.160096938322e+02
-9.160074996250e+02
-9.159944167087e+02
-9.160182867547e+02
-9.159905976091e+02
-9.160136175662e+02
-9.160348701387e+02
-9.159991714837e+02
-9.160120138460e+02
-9.159976847310e+02
-9.160038510270e+02
-9.160029836522e+02
-9.159809448944e+02
-9.159908993908e+02
-9.160348927472e+02
-9.160019620738e+02
-9.160048543616e+02
-9.160114261931e+02
-9.159856228370e+02
-9.160091019703e+02
-9.160128254304e+02
-9.159921625884e+02
-9.159856461965e+02
-9.159865934122e+02
-9.159997343010e+02
-9.160121630198e+02
-9.160321343017e+02
-9.160130091785e+02
-9.160000994867e+02
-9.160145401539e+02
-9.159911061538e+02
-9.159995376631e+02
-9.160109560734e+02
-9.160002626488e+02
-9.159926896006e+02
-9.159967383399e+02
-9.160135919108e+02
-9.160026382638e+02
-9.159916080493e+02
-9.160079108723e+02
-9.160145289562e+02
-9.160003423496e+02
-9.160059121580e+02
-9.159996788473e+02
-9.159941555284e+02
-9.160085087016e+02
-9.160000851000e+02
-9.160129578024e+02
-9.159892844468e+02
-9.159941961755e+02
-9.159958257186e+02
-9.160094845422e+02
-9.160123895626e+02
-9.159774896670e+02
-9.160025244355e+02
-9.160263906109e+02
-9.160188365686e+02
-9.160141228630e+02
-9.160025543211e+02
-9.159885658287e+02
-9.160068748961e+02
-9.159657036460e+02
-9.160143947144e+02
-9.159944296639e+02
-9.160118454434e+02
-9.160108207604e+02
-9.160010515995e+02
-9.159919875089e+02
-9.160010071434e+02
-9.160119616326e+02
-9.159984702854e+02
-9.159892286093e+02
-9.160170153809e+02
-9.160007941913e+02
-9.159854128622e+02
-9.159953791842e+02
-9.160008511852e+02
-9.160175812186e+02
-9.160179527813e+02
-9.159841068318e+02
-9.160270800222e+02
-9.160236283095e+02
-9.159863082680e+02
-9.159928289498e+02
-9.160140470388e+02
-9.160015097244e+02
-9.160193359201e+02
-9.160081491530e+02
-9.160073943898e+02
-9.159965403701e+02
-9.159897269299e+02
-9.159874406697e+02
-9.160142621938e+02
-9.159983754024e+02
-9.159893464605e+02
-9.160031739187e+02
-9.159880007973e+02
-9.159672660006e+02
-9.160073025916e+02
-9.160004239073e+02
-9.160001749574e+02
-9.159777241996e+02
-9.159935639298e+02
-9.159953086308e+02
-9.159813455100e+02
-9.160094279172e+02
-9.159937100472e+02
-9.159992468261e+02
-9.159827943249e+02
-9.160085717956e+02
-9.160202983580e+02
-9.159845843043e+02
-9.159939764171e+02
-9.159986980413e+02
-9.159979830604e+02
-9.160099928860e+02
-9.159936792037e+02
-9.160028144617e+02
-9.160221086527e+02
-9.159972275481e+02
-9.159911086552e+02
-9.159805975733e+02
-9.159980777428e+02
-9.159993977041e+02
-9.160008091161e+02
-9.160029245181e+02
-9.160068319300e+02
-9.160188097192e+02
-9.160077088510e+02
-9.159957861839e+02
-9.159941145861e+02
-9.160057292681e+02
-9.159958139261e+02
-9.159953163273e+02
-9.159926711573e+02
-9.160044164560e+02
-9.159941827028e+02
-9.159766995442e+02
-9.159888896979e+02
-9.159803856471e+02
-9.159907721940e+02
-9.159911537501e+02
-9.159902274100e+02
-9.159931855319e+02
-9.160066737050e+02
-9.159895410461e+02
-9.159803374919e+02
-9.160016311465e+02
-9.160239208623e+02
-9.160009346644e+02
-9.159862060104e+02
-9.159620968137e+02
-9.160000693710e+02
-9.160003904543e+02
-9.160035767106e+02
-9.160002096238e+02
-9.160016086244e+02
-9.159879608644e+02
-9.159917440313e+02
-9.159993405649e+02
-9.159973255231e+02
-9.160003003596e+02
-9.159845522361e+02
-9.159865652072e+02
-9.159962859583e+02
-9.160234534313e+02
-9.159947580661e+02
-9.160047371372e+02
-9.159692788166e+02
-9.160048205350e+02
-9.159900296600e+02
-9.160311326199e+02
-9.160091076512e+02
-9.159997879068e+02
-9.160065174157e+02
-9.160303989563e+02
-9.159946496092e+02
-9.159955674064e+02
-9.159913895757e+02
-9.159813014480e+02
-9.160002191575e+02
-9.160077157140e+02
-9.159873406879e+02
-9.160050863438e+02
-9.160036163255e+02
-9.159851279053e+02
-9.160118668972e+02
-9.159973037504e+02
-9.159756075240e+02
-9.160011727750e+02
-9.159794766434e+02
-9.159925207838e+02
-9.160049131935e+02
-9.160029427617e+02
-9.160062443428e+02
-9.160038522747e+02
-9.160011953606e+02
-9.160075120374e+02
-9.159839265624e+02
-9.159850210996e+02
-9.160163389546e+02
-9.159951515077e+02
-9.159526998322e+02
-9.159752459465e+02
-9.159887969155e+02
-9.159985810691e+02
-9.160082155992e+02
-9.160167512436e+02
-9.159884139879e+02
-9.159972053822e+02
-9.160258996607e+02
-9.159961245248e+02
-9.160066791525e+02
-9.159737207731e+02
-9.159776243317e+02
-9.160001019389e+02
-9.159943122033e+02
-9.159790715530e+02
-9.159965970467e+02
-9.160040695812e+02
-9.159973482070e+02
-9.160115633077e+02
-9.159897247564e+02
-9.159983071762e+02
-9.159950404841e+02
-9.159819015779e+02
-9.159829061050e+02
-9.159742243887e+02
-9.160035092936e+02
-9.159814603885e+02
-9.159883636565e+02
-9.160084017336e+02
-9.159867011390e+02
-9.160057285107e+02
-9.159892603415e+02
-9.159934112919e+02
-9.159644868013e+02
-9.159846064677e+02
-9.159892953057e+02
-9.159862520165e+02
-9.159950112391e+02
-9.159856230451e+02
-9.159771059889e+02
-9.159905880918e+02
-9.160044265868e+02
-9.159855951750e+02
-9.159884540311e+02
-9.159802861787e+02
-9.159918126877e+02
-9.159922342431e+02
-9.160092924375e+02
-9.159919065120e+02
-9.159905342092e+02
-9.159956303473e+02
-9.159927304198e+02
-9.159881735355e+02
-9.160052107345e+02
-9.159941209482e+02
-9.159877254691e+02
-9.160023091941e+02
-9.159990229100e+02
-9.159988372568e+02
-9.160119237119e+02
-9.160056580699e+02
-9.159825950270e+02
-9.160069186615e+02
-9.159960777164e+02
-9.160134673241e+02
-9.159989083981e+02
-9.160020003761e+02
-9.159826314114e+02
-9.159926124649e+02
-9.159976362223e+02
-9.159989236331e+02
-9.159957202295e+02
-9.159915687112e+02
-9.159931120289e+02
-9.159951534963e+02
-9.159884279726e+02
-9.161229172629e+02
